43,1
43,3
34,1
34,3
46,1
46,3
0,273
0,270
10,250
10,148
10,112
10,64
10,210
10,162
10,300
11,10
11,22
11,20
11,24
9,6
9,4
8,4
8,8
8,17
8,3
14,1
14,3
13,1
13,3
2,2
34,2
34,0
33,5
33,4
33,3
33,2
33,1
33,0
32,4
32,3
32,2
32,1
32,0
31,3
31,2
31,1
31,0
29,4
29,3
29,2
29,1
20,3
20,2
20,1
19,3
19,2
19,1
18,3
18,1
12,3
12,2
12,1
11,29
11,28
11,27
11,26
11,25
11,23
11,21
11,19
11,17
11,13
11,12
11,8
11,7
11,3
11,2
11,1
10,301
10,299
10,263
10,257
10,255
10,236
10,223
10,201
10,197
10,176
10,160
10,151
10,140
10,137
10,136
10,133
10,109
10,100
10,83
